x1	y1	x2	y2	x3	y3
51.20389114	83.33977661	55.3846	97.1795	58.21360826	91.88189151
58.9744699	85.49981761	51.5385	96.0256	58.19605369	92.21498865
51.87207267	85.82973763	46.1538	94.4872	58.71823072	90.31053209
48.17993079	85.04511674	42.8205	91.4103	57.27837287	89.90760672
41.6832004	84.0179406	40.7692	88.3333	58.08202049	92.00814501
37.8904155	82.567493	38.7179	84.8718	57.48944777	88.08528556
39.54897369	80.81260177	35.641	79.8718	28.08874132	63.51079443
39.64957388	82.66453387	33.0769	77.5641	28.08546821	63.59019695
34.75059705	80.01109099	28.9744	74.4872	28.08727305	63.12328281
27.56083529	72.84782559	26.1538	71.4103	27.57802522	62.82103866
24.63553998	71.61071483	23.0769	66.4103	27.77991911	63.51814752
20.95946481	66.04149838	22.3077	61.7949	28.58899981	63.02408057
20.68914905	62.72130521	22.3077	57.1795	28.7391415	62.72086389
19.28820474	62.06305936	23.3333	52.9487	27.02460324	62.90185886
20.02450057	61.34262387	25.8974	51.0256	28.8013367	63.38904039
35.469523	43.11588495	29.4872	51.0256	27.18646384	63.55872965
36.89432765	47.70655597	32.8205	51.0256	29.2851466	63.38360583
39.05554978	55.54697371	35.3846	51.4103	39.4029453	51.1508572
46.95708015	65.24040739	40.2564	51.4103	28.81132844	61.35785406
37.31045274	45.2587509	44.1026	52.9487	34.30395791	56.54212591
40.009672	60.98658251	46.6667	54.1026	29.60276098	60.15734672
48.01438668	65.71281959	50	55.2564	49.11615686	63.66000062
53.70377593	66.38948204	53.0769	55.641	39.61754583	62.92518796
63.06749989	64.03500046	56.6667	56.0256	43.23308466	63.16521872
62.04803251	63.84586325	59.2308	57.9487	64.89278794	65.81417676
59.83996671	64.47676444	61.2821	62.1795	62.49014932	74.58428961
55.16094182	65.23730817	61.5385	66.4103	68.98808443	63.23214731
61.27978658	65.7664025	61.7949	69.1026	62.10561863	75.99087076
60.83491753	64.60376971	57.4359	55.2564	32.46184674	62.88190292
61.52059065	64.79185504	54.8718	49.8718	41.32720065	49.07025127
36.91654386	41.09524744	52.5641	46.0256	44.00714993	46.44967378
38.50219967	41.56715562	48.2051	38.3333	44.07406069	34.55320389
48.66437073	30.68066685	49.4872	42.1795	44.00131524	33.90420735
50.2852524	30.33792211	51.0256	44.1026	45.00630045	38.29901955
42.27633267	34.52763612	45.3846	36.4103	44.44384061	36.0190833
54.03177562	29.67234831	42.8205	32.5641	42.1787134	26.49211948
37.32935526	39.60204231	38.7179	31.4103	44.04456562	35.66223828
41.38952255	37.29605623	35.1282	30.2564	41.64045402	27.09309542
40.07466666	34.6236852	32.5641	32.1795	41.93833001	24.99152298
35.34968062	47.14107313	30	36.7949	44.05392751	33.55639249
34.76370042	47.62479992	33.5897	41.4103	39.20671933	51.5337157
37.02662945	44.46229305	36.6667	45.641	28.70444923	61.7775254
36.45556953	40.79184303	38.2051	49.1026	31.7086629	58.83775437
35.53766421	48.72938687	29.7436	36.0256	42.81171147	30.02044842
20.40894789	32.20303042	29.7436	32.1795	43.30061489	31.5264262
23.49571047	25.32246815	30	29.1026	40.39863291	16.34700838
29.55754336	21.36477746	32.0513	26.7949	40.43569158	20.23267068
33.00823391	15.98507146	35.8974	25.2564	40.93654667	16.91300484
53.98039918	29.35098671	41.0256	25.2564	39.66157367	15.60935558
52.2343086	29.71167299	44.1026	25.641	40.89925918	20.79852895
59.50307661	30.66967394	47.1795	28.718	41.96861683	26.4970726
41.16378107	34.31575825	49.4872	31.4103	40.38340582	21.39122552
48.99304012	32.03035884	51.5385	34.8718	56.53812645	32.44424547
59.26928032	29.64070177	53.5897	37.5641	52.97069128	29.04019669
45.469177	33.83119273	55.1282	40.641	54.62095259	30.34452445
62.69126654	30.29037383	56.6667	42.1795	65.09904439	27.24155756
73.42867087	48.57785513	59.2308	44.4872	63.05599091	29.70909567
70.84642611	52.28225333	62.3077	46.0256	70.96013623	41.25950129
71.53901985	45.52180616	64.8718	46.7949	69.89581924	43.45375927
67.62086589	38.00655847	67.9487	47.9487	70.59589286	41.96474387
72.47095256	51.12213482	70.5128	53.718	69.64702143	44.04444502
64.81223756	62.81091559	71.5385	60.641	77.39298249	63.37145906
60.85367987	65.49914703	71.5385	64.4872	64.40078719	67.44871845
67.78949616	61.36370155	69.4872	69.4872	63.86895983	70.21373883
41.60955727	83.84868656	46.9231	79.8718	56.59442132	86.92700622
53.00302532	84.6747986	48.2051	84.1026	56.53133729	87.49981107
54.71417106	84.04312807	50	85.2564	59.65215837	87.80946159
44.29166872	82.90944121	53.0769	85.2564	56.6365087	85.63749556
49.19172196	85.87622912	55.3846	86.0256	58.672288	90.07716031
53.10138178	84.54765869	56.6667	86.0256	58.22161273	90.41101877
51.59984815	84.81982149	56.1538	82.9487	57.91466448	89.95380277
54.37972195	84.24035555	53.8462	80.641	55.31550906	80.25186069
46.4807681	83.51821167	51.2821	78.718	54.57572859	77.53628847
53.17465627	84.26056799	50	78.718	54.41309365	78.22908659
45.27200294	85.23707942	47.9487	77.5641	55.0745059	79.81754642
36.03340215	53.37168776	29.7436	59.8718	29.43296052	60.80177654
28.27119417	72.84023126	29.7436	62.1795	29.42268607	63.06846482
25.05480608	71.54859792	31.2821	62.5641	29.00561416	63.39075133
64.758887	82.31522364	57.9487	99.4872	58.46183859	90.26532639
63.14452748	85.23669633	61.7949	99.1026	57.99780474	92.15990861
50.42467869	85.17474759	64.8718	97.5641	57.54947408	90.74890656
70.64499626	82.43091876	68.4615	94.1026	59.52992846	88.32727415
63.14904908	83.94685535	70.7692	91.0256	58.24939106	92.12968148
62.82402452	84.96618595	72.0513	86.4103	58.02451401	91.69442117
70.23686952	82.17115106	73.8462	83.3333	58.38212449	90.55347607
70.04273524	80.38502135	75.1282	79.1026	62.56675904	77.74393476
72.57062345	80.97121843	76.6667	75.2564	72.17582431	63.12892942
75.13071604	79.98409314	77.6923	71.4103	79.47276157	63.40868612
83.29390573	70.77843179	79.7436	66.7949	80.35770088	63.29543754
79.66426228	73.93230972	81.7949	60.2564	78.75723614	53.33262001
88.43210253	64.624247	83.3333	55.2564	82.54023959	56.54105229
89.11555901	64.00150664	85.1282	51.4103	86.43589719	59.79276181
89.09219763	57.76819305	86.4103	47.5641	79.48868442	53.65167426
91.72600577	52.62335326	87.9487	46.0256	81.53042032	56.02536457
91.73553876	48.97021089	89.4872	42.5641	79.18678857	53.23479185
91.50788817	53.31265209	93.3333	39.8718	77.89905795	51.82245833
88.2390019	31.47743488	95.3846	36.7949	75.13071421	23.37244197
88.5305192	30.47603101	98.2051	33.718	76.05801375	16.38374969
55.36516034	30.44585028	56.6667	40.641	57.61467439	33.82244765
62.56025887	30.44713567	59.2308	38.3333	56.17139753	32.11798877
58.00666912	30.2537213	60.7692	33.718	66.2878906	26.11710975
55.06711799	29.0115352	63.0769	29.1026	67.88171962	24.23601841
61.61477596	29.99439119	64.1026	25.2564	64.0280813	27.67268551
68.54314354	35.65783217	64.359	24.1026	77.49665175	14.94852356
77.70610965	20.30426019	74.359	22.9487	77.63465176	14.46185393
68.453046	13.03552859	71.2821	22.9487	77.86372643	14.61067765
68.25720644	12.38463915	67.9487	22.1795	77.33815817	15.89005466
70.25547467	13.25038497	65.8974	20.2564	76.18041653	15.91257375
65.04432528	11.00084148	63.0769	19.1026	77.25265109	15.15151702
60.09224661	11.87211171	61.2821	19.1026	77.41337528	15.22192798
52.99202897	9.906668483	58.7179	18.3333	76.7318494	16.21684614
50.14462898	12.21154309	55.1282	18.3333	49.47110541	25.06301931
46.50861419	11.20713449	52.3077	18.3333	42.47653994	18.33847356
43.80703196	11.31894489	49.7436	17.5641	43.59511586	19.99420098
57.81785469	10.94514243	47.4359	16.0256	50.33996967	26.47139661
50.94049266	9.691547134	44.8718	13.718	40.74898026	16.18214166
63.49732308	11.91406917	48.7179	14.8718	38.38652558	14.58021515
50.01648295	11.93385209	51.2821	14.8718	38.40401521	14.45194845
58.63676508	11.97472107	54.1026	14.8718	38.76427889	14.36559047
54.73028909	11.41288267	56.1538	14.1026	41.47014233	17.27803344
65.8755478	11.73243636	52.0513	12.5641	47.15540481	22.37793253
57.06098271	9.920560854	48.7179	11.0256	39.58256675	17.64845284
46.81990795	10.49465268	47.1795	9.8718	41.74024382	17.82932431
38.35939487	13.43132262	46.1538	6.0256	39.31187189	15.64071697
47.31541578	12.85345178	50.5128	9.4872	41.67984769	17.74591901
55.05191654	11.94998862	53.8462	10.2564	39.08746445	15.12230394
50.51596026	9.765591622	57.4359	10.2564	41.48150286	18.04743744
49.67741465	10.38313251	60	10.641	77.60608655	15.16287254
67.28065952	14.12865153	64.1026	10.641	75.98266152	16.30692238
66.17301826	12.03791702	66.9231	10.641	76.94575724	15.85847833
61.08854414	10.08453441	71.2821	10.641	77.54372007	15.25394915
66.05308577	13.38022601	74.359	10.641	77.58473984	15.83003939
72.66998927	15.23422594	78.2051	10.641	76.82230426	15.59516532
61.5034725	10.82841448	67.9487	8.718	77.34857166	15.77452924
68.99502863	13.99431053	68.4615	5.2564	77.57315269	14.78064583
78.24991617	17.88324091	68.2051	2.9487	77.97261068	14.95569875
36.48198057	15.16276009	37.6923	25.7692	41.52891976	24.91642519
50.96774838	29.67977429	39.4872	25.3846	43.7225508	19.0773278
91.19105361	46.67434284	91.2821	41.5385	79.32607818	52.90039129
55.86376849	85.33648676	50	95.7692	56.66397408	87.94012501
49.2805948	84.04882283	47.9487	95	57.82178923	90.69316655
43.36850154	84.3321772	44.1026	92.6923	58.2431719	92.10432787